1 4
1 5
1 37
2 15
2 25
2 51
3 2
3 4
3 9
3 16
3 36
4 10
4 14
4 23
4 36
4 46
4 49
5 1
5 6
5 14
5 24
6 2
6 4
6 5
6 14
7 11
7 16
9 41
9 50
10 4
11 7
11 9
11 14
11 15
11 28
12 44
13 41
14 1
14 15
14 23
14 46
15 5
15 6
15 7
15 14
15 17
15 23
15 25
15 46
15 51
16 3
16 14
16 15
16 19
17 15
18 1
18 11
18 23
18 38
18 39
18 46
21 41
22 1
22 2
22 3
22 6
22 11
22 15
22 21
22 41
22 44
22 49
23 5
23 14
23 15
23 46
24 5
24 21
24 41
24 51
25 2
25 49
25 51
26 14
26 16
26 46
27 33
28 11
29 15
29 23
30 1
30 14
30 46
30 50
31 14
31 15
31 24
31 30
31 41
32 36
33 22
33 27
35 5
36 7
36 11
36 23
36 24
36 29
36 32
36 45
36 47
36 50
37 11
37 50
38 1
38 3
38 11
38 15
38 17
38 18
38 23
38 25
38 36
38 39
38 41
38 49
39 23
39 33
39 37
41 9
41 13
41 21
41 24
41 51
42 17
42 23
42 45
43 15
43 17
43 23
43 46
44 1
44 12
45 15
45 16
45 22
45 31
45 41
45 44
46 1
46 14
46 15
46 23
47 15
47 17
49 11
49 15
49 22
49 25
49 30
49 38
49 41
49 42
49 45
50 9
50 14
50 15
50 46
51 14
51 24
51 25
52 14
52 19
52 46
52 53
53 15
53 30
53 41
53 52
